Category	Prop._SNPs	Prop._h2	Prop._h2_std_error	Enrichment	Enrichment_std_error	Enrichment_p	Coefficient	Coefficient_std_error	Coefficient_z-score
baseL2_0	1.0	0.9999999999999305	0.0	0.9999999999999305	0.0	NA	-4.616552468793815e-08	3.52005993229834e-08	-1.3114982578661796
Coding_UCSCL2_0	0.014259139875316193	0.07945456895459053	0.04933864985292408	5.572185254464982	3.4601420761944803	0.18802796390987508	2.752986768463484e-07	2.3927456689124017e-07	1.1505555330144328
Coding_UCSC.flanking.500L2_0	0.04936288396266565	0.14360901615678615	0.050267472599609384	2.9092509316392685	1.0183252793258168	0.05835674224028693	5.3123913049312176e-08	7.370985058605226e-08	0.7207166020136329
Conserved_LindbladTohL2_0	0.024670538061474286	0.034529516709560934	0.05472420610870638	1.3996256029568528	2.218200753155204	0.8569643093360997	4.262593775466483e-08	2.021779239949105e-07	0.21083378893403745
Conserved_LindbladToh.flanking.500L2_0	0.30553135724110025	0.5648278982525006	0.09620111506956293	1.8486740717967773	0.3148649485219578	0.008253814189653055	5.697945576227769e-08	2.7503848118696815e-08	2.0716903146197816
CTCF_HoffmanL2_0	0.02381466422888569	-0.01318651333251453	0.05735404968940204	-0.5537140144314997	2.4083501299100907	0.5186625312394291	-1.7508757058583537e-07	1.4100914540400053e-07	-1.2416752834307159
CTCF_Hoffman.flanking.500L2_0	0.04697979033942896	-0.0061560672992865845	0.08020778360610445	-0.131036500052661	1.707282706597949	0.5052670398858035	-8.892883087443945e-08	9.739640674457039e-08	-0.913060695428551
DGF_ENCODEL2_0	0.13536260314479115	0.6968404215872546	0.1349928455092931	5.147953758261257	0.9972683915135517	5.7877696885517556e-05	3.2273991800704875e-07	8.133869595928791e-08	3.9678521299208964
DGF_ENCODE.flanking.500L2_0	0.4028609201666991	0.22940673669198702	0.15469040630032171	0.5694440071205249	0.38397967774166986	0.26117517188478273	1.9435404703364028e-08	3.6450766063212505e-08	0.5331960560076946
DHS_peaks_TrynkaL2_0	0.10995982492666276	0.10283724964383326	0.10379950034274651	0.9352256582112615	0.943976587921772	0.9452970407914103	-8.548644341314894e-08	1.1494237284416909e-07	-0.743733066386628
DHS_TrynkaL2_0	0.16574276914942213	0.05771969489351049	0.13658316253850347	0.3482486457160278	0.8240670964980054	0.4268009967511939	-3.034702649711764e-07	1.077288933325809e-07	-2.816981179174488
DHS_Trynka.flanking.500L2_0	0.33006266063361167	0.5934727655793066	0.15340477282419945	1.7980609028601848	0.4647746962037838	0.08547515282929774	-8.016152265141311e-09	4.116594380454124e-08	-0.1947277658251335
Enhancer_AnderssonL2_0	0.004313758448650673	0.14885415180994568	0.031631403539459646	34.50683518371472	7.33267843250561	7.331147321262639e-06	1.6687494552243828e-06	4.009181727867326e-07	4.162319317243995
Enhancer_Andersson.flanking.500L2_0	0.014708884631327565	0.18967902192976904	0.05476939547718019	12.895540802990809	3.723558709579526	0.0024624511696909853	5.837921634617018e-07	2.144368477009678e-07	2.722443319423348
Enhancer_HoffmanL2_0	0.04192322331949207	0.20632763599908752	0.061113583480683555	4.921559452303758	1.4577501117923104	0.007777674164506019	2.7732684223414822e-08	9.38441453258979e-08	0.29551853370400416
Enhancer_Hoffman.flanking.500L2_0	0.04788213164587625	0.14378721581969567	0.08244981238191097	3.00294099024472	1.721932786779174	0.24644799896215347	2.2056235973427612e-08	1.0000010435781467e-07	0.2205621295604577
FetalDHS_TrynkaL2_0	0.08368288784110607	0.1265706832587983	0.10246491527579159	1.5125037689799374	1.2244428690169982	0.6761154700194785	8.618741259729448e-08	1.0037523499826562e-07	0.8586521625457088
FetalDHS_Trynka.flanking.500L2_0	0.19951740928232245	0.44073214181940334	0.13043290721604833	2.208990901619796	0.6537419851491871	0.05941572057441146	7.530215185798564e-08	4.801352084775375e-08	1.5683530498994547
H3K27ac_HniszL2_0	0.3890438084271867	0.7887561962688039	0.041626225848312874	2.0274225657453875	0.10699624295936744	7.985154011508209e-16	6.37525418909577e-09	1.7888528018337708e-08	0.35638785832799846
H3K27ac_Hnisz.flanking.500L2_0	0.03141536738073922	0.0462944592457976	0.03830548622395311	1.4736246335982932	1.2193231980931165	0.6968077734909566	3.959040615121253e-08	6.773714206443654e-08	0.5844711622694567
H3K27ac_PGC2L2_0	0.26852127245725205	0.7246129733189604	0.09060363488407745	2.6985309829943436	0.33741697279682503	4.044956105299031e-07	2.8080227148715454e-08	3.009558458626536e-08	0.9330347801760379
H3K27ac_PGC2.flanking.500L2_0	0.06662345359350422	-0.03879801521983315	0.08316069731199408	-0.5823477038064558	1.248219550721433	0.2004579212699125	-9.177570815552409e-08	7.076742523564445e-08	-1.2968637455711487
H3K4me1_peaks_TrynkaL2_0	0.1688701811174639	0.47950726642534836	0.11133362585223802	2.8395022925439353	0.6592852871685843	0.006963545845704709	9.236783647955543e-08	6.250616603349218e-08	1.4777395950035186
H3K4me1_TrynkaL2_0	0.4234550697272124	0.6269409352612397	0.10404929791325683	1.4805370866503307	0.24571508372844575	0.04765070823379371	-5.5788090150507324e-08	3.850022970834072e-08	-1.4490326570290915
H3K4me1_Trynka.flanking.500L2_0	0.18224560022639893	0.26040812969991284	0.10872584430905799	1.4288856870970528	0.5965896799373522	0.47308423944209077	3.6606236421669e-08	3.57426347449869e-08	1.0241616680707408
H3K4me3_peaks_TrynkaL2_0	0.041368465427612314	0.11208589889731843	0.0932599246861611	2.709452664939903	2.2543723515524134	0.45320908247673075	-1.3028469130549773e-07	1.7326276980685385e-07	-0.7519485660464374
H3K4me3_TrynkaL2_0	0.13288674232645029	0.5738630081158941	0.0881012605349071	4.318436873906798	0.6629800610092245	2.0234249128478195e-06	1.8405132179426058e-07	7.326746757675938e-08	2.5120469955023004
H3K4me3_Trynka.flanking.500L2_0	0.12215443339122475	-0.0035905223461045466	0.11087054967247523	-0.02939330359468132	0.9076260811377139	0.2582021659018993	-5.486775518945064e-08	5.342944387352117e-08	-1.0269198256926324
H3K9ac_peaks_TrynkaL2_0	0.038186366107664634	0.0031133536116570593	0.08508000456466297	0.08153050234942774	2.2280204490991355	0.6791373863407315	-1.909191966234576e-07	1.6755068842449397e-07	-1.1394712753418172
H3K9ac_TrynkaL2_0	0.12530231117807794	0.1858334230826257	0.08666572161510033	1.4830805699866283	0.6916530174126811	0.484800341963572	-1.9155071313767974e-07	7.068344511396536e-08	-2.709979866273297
H3K9ac_Trynka.flanking.500L2_0	0.10446978515419568	0.2644429885601397	0.10315552565066845	2.5312868038335314	0.9874197166043043	0.12115738199442526	2.2693616131067904e-08	5.8563692493050264e-08	0.3875031639058782
Intron_UCSCL2_0	0.3874513328700006	0.4015047181710837	0.04835156142469816	1.036271356190684	0.12479389622056428	0.770391271700478	-3.487142534117612e-08	8.078607995405615e-09	-4.316514102554282
Intron_UCSC.flanking.500L2_0	0.009340297750823288	0.07681358928795703	0.052796375567256006	8.223890858424337	5.652536672356333	0.2038560985740481	2.4285327748563343e-07	3.2420834949182683e-07	0.7490654632007115
PromoterFlanking_HoffmanL2_0	0.008276913935696063	-0.012162715799400165	0.03781125283115886	-1.4694747213627175	4.568279086253305	0.5877341411050745	-3.6071789190033e-07	2.557436532830666e-07	-1.4104666421616883
PromoterFlanking_Hoffman.flanking.500L2_0	0.024887274437739373	0.02567835969492194	0.05344936884201996	1.0317867374011416	2.1476585945855393	0.9881604635691387	-1.750971955915005e-07	1.2703520236489061e-07	-1.3783360228652104
Promoter_UCSCL2_0	0.04633528479948278	0.06739530891242665	0.05184559917637534	1.4545137513254034	1.1189226396414438	0.6848900993061753	-1.2984574847481114e-07	7.40568633222543e-08	-1.7533249809648923
Promoter_UCSC.flanking.500L2_0	0.010589886966611695	0.11614154910024693	0.042180376337524327	10.967213291928761	3.983080883725449	0.012728378348533666	4.6099178419316244e-07	2.1110427347321022e-07	2.1837160215122964
Repressed_HoffmanL2_0	0.46001809379686065	0.17844419630349082	0.09291613719930295	0.38790690781456516	0.2019836577131111	0.0035583715142934046	1.101866734603865e-08	3.596995548826017e-08	0.3063297464917606
Repressed_Hoffman.flanking.500L2_0	0.25843749512468966	0.21036173605609346	0.10216176073139367	0.813975293927838	0.39530549033569284	0.6361944043523109	3.8204231487504426e-08	3.005097288681782e-08	1.2713142975901164
SuperEnhancer_HniszL2_0	0.1672067462048907	0.5504029463399641	0.041120568988040826	3.291750834416184	0.24592649472200584	1.759774809878865e-20	3.5366029809972873e-08	1.899053740560151e-08	1.8622974724001857
SuperEnhancer_Hnisz.flanking.500L2_0	0.003173376184060851	0.030528860341986857	0.023440441614232657	9.620309276702333	7.386594042007588	0.2450266933999849	4.389935606963664e-07	4.0062813971825353e-07	1.0957631708174413
TFBS_ENCODEL2_0	0.13097151074145144	0.5762224511187107	0.12801020558586224	4.399601469484622	0.9773896999521136	0.0009417294184010442	1.2164815429814687e-07	7.519899833639313e-08	1.6176831738365631
TFBS_ENCODE.flanking.500L2_0	0.2100698874161887	0.03883151041536778	0.13472607646477558	0.18485043664747208	0.6413393091312388	0.2084888520278456	-4.998168490844969e-08	4.189622495382472e-08	-1.1929877921826186
Transcr_HoffmanL2_0	0.345192604324092	0.4096697810289347	0.09334136640033684	1.1867860895545341	0.2704037260100195	0.48718392680042055	-6.153315263700209e-09	2.5968330229242126e-08	-0.23695459851982137
Transcr_Hoffman.flanking.500L2_0	0.41671057591317395	0.33047792199911574	0.12699407189457404	0.793063438034686	0.30475365693870604	0.49530300280659767	1.3336765237985386e-08	2.8917472804237135e-08	0.46120092610690433
TSS_HoffmanL2_0	0.017806939892057904	0.14023598954004857	0.05020854931616827	7.875355922473541	2.819605705445316	0.0169875135030141	8.610123717237478e-08	1.7874717527960587e-07	0.4816928549370955
TSS_Hoffman.flanking.500L2_0	0.016531684526448633	0.1196981677439899	0.057800026475764404	7.240530603671258	3.49631801788206	0.07090245259444634	2.855052466057373e-07	2.0699354979441207e-07	1.3792953784758208
UTR_3_UCSCL2_0	0.011168130224340602	0.017180905326863304	0.027912679441215192	1.5383869082595438	2.4993153626002993	0.829466600310057	-2.560560321041447e-07	2.26710895190327e-07	-1.1294385825135667
UTR_3_UCSC.flanking.500L2_0	0.015275217453518687	0.07612242233760384	0.041449205941996956	4.983393694344354	2.7134936748444796	0.14103557756429563	1.3648445008599447e-07	1.5479057201458269e-07	0.881736195620082
UTR_5_UCSCL2_0	0.0054601798073159935	0.033321928412286025	0.023444417295901316	6.102716318542952	4.293707922308451	0.2354520623616585	-7.864911292101483e-09	2.0325417368169134e-07	-0.038694955924587424
UTR_5_UCSC.flanking.500L2_0	0.02138728391576202	0.029305059880036045	0.03314454937321712	1.3702095130667236	1.5497315836720258	0.8111089705408512	-9.85493801900136e-08	8.599721198929975e-08	-1.1459601760377494
WeakEnhancer_HoffmanL2_0	0.020905666163241073	0.1366557196868367	0.056327419348361246	6.536779006216109	2.6943613711484153	0.04413021581773804	1.7030384855099342e-07	1.5210953321513631e-07	1.1196132481067045
WeakEnhancer_Hoffman.flanking.500L2_0	0.06781869096261314	0.07646619994451859	0.0762897517108089	1.127509228785802	1.1249074647115447	0.9093996161753336	-5.505242130305292e-08	6.966085458845762e-08	-0.7902920747712844
GERP.NSL2_0	1.7453162562850615	2.6349195294665084	0.25687646455627317	1.509708925232258	0.14718046865789217	0.0007872910206939248	1.5314702372326947e-08	8.488055441695267e-09	1.8042651202650763
GERP.RSsup4L2_0	0.008149925207497402	0.03678015793226529	0.03212741558970826	4.512944229037823	3.942050358959506	0.36906460683647746	2.8361609952196714e-07	2.825791409711021e-07	1.0036696217112895
MAFbin1L2_0	0.10235727649606394	0.028321551297322542	0.01854432228238403	0.27669309175505097	0.18117248638495317	1.602646924757496e-05	1.4674011558568053e-10	1.1035221664560352e-08	0.013297432534313003
MAFbin2L2_0	0.0998554140226758	0.049445719229471316	0.02433346654944174	0.49517314322328954	0.24368700272892507	0.03752188561413404	7.860181465163772e-09	1.4040922627541433e-08	0.559805197540647
MAFbin3L2_0	0.09960663689728792	0.057171084642036	0.024057457035186598	0.5739686272209904	0.2415246391663047	0.07392145314016872	1.1569467191524624e-08	1.4299649954148642e-08	0.8090734548483173
MAFbin4L2_0	0.10069568686223601	0.03965547279769438	0.02281446632363231	0.39381500869990493	0.22656845625220556	0.0065433551856385235	2.1320291951901841e-10	1.3150436641008811e-08	0.016212611439391945
MAFbin5L2_0	0.09831712255955595	0.14746886033205506	0.031244413570316536	1.4999305969590928	0.3177921887552203	0.12165759207518591	5.633559415936987e-08	1.9075351331769147e-08	2.9533188238344765
MAFbin6L2_0	0.09964220045128808	0.1024027373013423	0.029410306489930694	1.0277044950588357	0.2951591429808745	0.9247610726712434	2.7161816347803126e-08	1.656036504238097e-08	1.6401701459050646
MAFbin7L2_0	0.0997337933780998	0.16715574828773327	0.035250808990637914	1.6760191568572025	0.3534489945348706	0.05823096063741094	5.986575683017203e-08	2.144079684251085e-08	2.792142347595761
MAFbin8L2_0	0.10022933459751703	0.15028178742675025	0.03644483950484164	1.4993792788331368	0.36361450119558597	0.16294998407929223	4.795552114438309e-08	1.933806329152014e-08	2.479851287145796
MAFbin9L2_0	0.10109997066006796	0.11729216654911737	0.03248709866229809	1.160160243206133	0.3213363807149917	0.6166351851085456	2.5490100439141658e-08	1.8995300479476422e-08	1.3419161474535546
MAFbin10L2_0	0.09846256407520752	0.14080487213640788	0.027306042733945667	1.430034586839101	0.2773241078008979	0.11355186224779548	3.5566849797311794e-08	1.536188470273566e-08	2.3152660292378067
MAF_Adj_Predicted_Allele_AgeL2_0	3.39243741661591e-06	-0.31841648643523446	0.09812423356396821	-93860.68107716706	28924.40493768961	0.002901446932234731	-6.132090833814441e-09	7.772894211552152e-09	-0.7889070231653054
MAF_Adj_LLD_AFRL2_0	0.0027964742384710846	-0.39876732355521816	0.052973802762762257	-142.596458808516	18.943068394481116	3.7239502095989796e-09	-2.556449977936278e-09	4.699284227469642e-09	-0.5440083753590734
Recomb_Rate_10kbL2_0	1.5524244420888622	1.351593241143763	0.2228354150902185	0.8706338321529703	0.14354026453640648	0.35655394507222704	-6.2548782465788485e-09	2.337450629323507e-09	-2.6759402607742366
Nucleotide_Diversity_10kbL2_0	4.608695340678549	3.677213001065091	0.17768567329989088	0.79788589378175	0.03855444115204408	1.6491433532677715e-07	-5.004068381148976e-09	2.340230496767672e-09	-2.1382801343972737
Backgrd_Selection_StatL2_0	0.17771981186879934	0.26649467159881274	0.014466279419232756	1.499521459068114	0.08139936266594974	4.732815779266197e-12	4.868607098784208e-08	2.6068984467162207e-08	1.8675860215870506
CpG_Content_50kbL2_0	0.010051873737636588	0.014027029555341474	0.0004490743207439983	1.3954641613554062	0.044675682610552304	2.011031886120693e-14	1.509182336146838e-06	1.3891305576799508e-06	1.086422242893707
MAF_Adj_ASMCL2_0	-2.348527005211715e-14	-0.44110758905158315	0.08819751134271368	18782308573531.527	-3755439522176.704	2.128970725456171e-07	-4.42521016157138e-09	6.066395383885143e-09	-0.7294628657615311
GTEx_eQTL_MaxCPPL2_0	0.010340409461146732	0.0946808381321636	0.028062761129755975	9.156391580809187	2.7138926398610783	0.0022736298726419297	5.921041154568092e-07	2.528845040347737e-07	2.341401335430936
BLUEPRINT_H3K27acQTL_MaxCPPL2_0	0.016545549069736272	0.17263617906003786	0.030529610448757464	10.433995168876532	1.8451856943568987	7.762006416717247e-07	7.20742024309588e-07	2.082188134747011e-07	3.461464467509125
BLUEPRINT_H3K4me1QTL_MaxCPPL2_0	0.013372535513144341	0.11951830446333069	0.022738520709821967	8.937594844736205	1.7003896297356225	3.4743402203136543e-06	5.092167259978602e-07	1.9644003709985794e-07	2.5922247496777144
BLUEPRINT_DNA_methylation_MaxCPPL2_0	0.03173097148138474	0.14502612993758723	0.03571872069278738	4.570491326515739	1.1256737195626703	0.0014329967111746643	1.1989069239247424e-07	1.2476899241643427e-07	0.9609013431183446
synonymousL2_0	0.0031200308530606215	0.046970392507721836	0.04103478846841331	15.054464112637161	13.152045733188785	0.2881955376683987	2.863565741787393e-07	7.070358969335547e-07	0.4050099512919785
non_synonymousL2_0	0.002715411550002273	-0.014998067836216445	0.019170794518836295	-5.523312971178859	7.059995940144045	0.3548873060132919	-8.686548235198111e-07	4.859004271727666e-07	-1.7877218766283414
Conserved_Vertebrate_phastCons46wayL2_0	0.029436054297494834	0.03581417326864571	0.05516567667271118	1.2166771030753836	1.8740853008076588	0.9078511943087878	4.1533765027353474e-08	1.514241538657973e-07	0.27428758204694087
Conserved_Vertebrate_phastCons46way.flanking.500L2_0	0.3775344693875805	0.43004361363180166	0.10408009961006333	1.1390843711023237	0.2756837005608982	0.6139716073010772	-1.3983275929935622e-07	5.021469632851949e-08	-2.7846978976937087
Conserved_Mammal_phastCons46wayL2_0	0.02143945497846979	-0.004260163205880978	0.050761677805586526	-0.19870669334454513	2.367675757455732	0.6124601311081421	-3.294093838223881e-07	2.2979332532583686e-07	-1.4335028371920728
Conserved_Mammal_phastCons46way.flanking.500L2_0	0.3177801497997285	0.5385309510762419	0.10676654891867628	1.6946651684053742	0.3359761425814756	0.04090099217651075	5.862039947040871e-08	6.100561290204304e-08	0.9609017380832764
Conserved_Primate_phastCons46wayL2_0	0.01926907166878119	0.02051846270271097	0.053205320767294145	1.0648391918098465	2.7611771693960128	0.9812522416717724	-4.229733629077332e-08	2.2529069761188764e-07	-0.1877455959750265
Conserved_Primate_phastCons46way.flanking.500L2_0	0.1565502614508353	0.37821551116800095	0.09861335494994206	2.4159366305931065	0.6299149808888159	0.020894999684958594	3.755914441620446e-08	5.1899819475212655e-08	0.7236854539377098
BivFlnkL2_0	0.013549378568832001	0.028806218460191147	0.043910320370955866	2.1260176851545696	3.2407626776303937	0.7291513693082345	-2.3289614517402987e-07	1.773606833913702e-07	-1.313121604634964
BivFlnk.flanking.500L2_0	0.01762996088512318	0.060295698856486106	0.04352259122466203	3.420069916738492	2.468672024189686	0.3240279535653878	-4.423622303025025e-08	1.414581174278204e-07	-0.3127160451065805
Human_Promoter_VillarL2_0	0.015217007296735417	0.12418617718448414	0.03543053440696216	8.16101187065386	2.328351016468478	0.002241192102536096	-2.1308742500902446e-07	1.7834297166843248e-07	-1.1948181810337184
Human_Promoter_Villar.flanking.500L2_0	0.003588899406977737	0.012099578985982505	0.028113118538672325	3.37138983680006	7.833353725103925	0.7620304945839149	-5.4568560969106524e-08	4.4041515956832383e-07	-0.12390254918244027
Human_Enhancer_VillarL2_0	0.03322743110861495	0.1869002912158992	0.04152811681540796	5.624879353596527	1.2498142477418566	0.00020135471762887226	-1.4245175885386142e-07	9.69220319305108e-08	-1.4697562155526578
Human_Enhancer_Villar.flanking.500L2_0	0.009797759127042241	0.04930732659574507	0.04248027520782106	5.032510593126821	4.33571336639351	0.3556798689946795	1.5576642346713676e-07	2.392811554866037e-07	0.6509765599817886
Ancient_Sequence_Age_Human_PromoterL2_0	0.004170665469584019	0.11432231769691331	0.03087192773611383	27.411049514914893	7.402158710943793	0.0003832629349650751	1.4762792122935352e-06	4.473158290132998e-07	3.3003062188743644
Ancient_Sequence_Age_Human_Promoter.flanking.500L2_0	0.0053204418805135045	0.017762899662803967	0.02729591212761125	3.3386136079903146	5.13038441930631	0.6503070607624541	2.0018324437472134e-07	3.554531049290105e-07	0.5631776501564139
Ancient_Sequence_Age_Human_EnhancerL2_0	0.005138094789956115	0.0858576061693879	0.025244476823439648	16.71000821884822	4.9131979567187525	0.001037979248877646	6.548845010886815e-07	2.7696495668895414e-07	2.364503108688044
Ancient_Sequence_Age_Human_Enhancer.flanking.500L2_0	0.00902676811673703	0.036992439411356	0.03434550282917314	4.098082384853364	3.80485046087439	0.4179777549424091	-6.459442804704847e-09	2.4266635784834475e-07	-0.026618616861352078
Human_Enhancer_Villar_Species_Enhancer_CountL2_0	0.06628308354130463	0.6727973112907732	0.12437898889044552	10.150362284692386	1.8764816337027854	1.4798025631681304e-06	7.335413293894433e-08	2.4275259511454756e-08	3.0217651392905087
Human_Promoter_Villar_ExACL2_0	0.0024966621423786885	0.04756413872329572	0.021108839208158852	19.05109142159664	8.454824082864276	0.02994282904636125	4.7063122849489767e-07	4.627147656745666e-07	1.0171087317881247
Human_Promoter_Villar_ExAC.flanking.500L2_0	0.0005770689894364502	0.007414797272580184	0.013899419626994461	12.849065550760702	24.086235582626358	0.6228210308008841	5.846100655198248e-07	1.364703501768774e-06	0.42837881251284216
L2_1	0.07855502596055566	0.2343576446120897	0.02160122902775322	2.9833564656928027	0.2749821384897729	3.790007071837e-12	3.5611476251393655e-08	1.679811765859227e-08	2.119968259251852
L2_2	0.5144660627237085	0.6803920821641165	0.025871510349192786	1.322520825886853	0.05028807966889539	1.855424564341013e-10	7.37181441461257e-09	8.613764549871905e-09	0.8558179611169191